  0.00000000E+00  0.00000000E+00  0.00000000E+00  0.00000000E+00  0.00000000E+00
  5.00000000E-01  4.99868204E-01  2.16166590E-04  6.22559780E-03  6.75520622E-07
  1.00999999E+00  1.00945713E+00  2.03986811E-03  1.72639493E-02  2.16923474E-05
  1.53019997E+00  1.52890214E+00  8.51959317E-03  3.15279010E-02  2.07197820E-04
  2.06080394E+00  2.05816594E+00  2.38530770E-02  4.79612953E-02  1.06767837E-03
  2.60201998E+00  2.59673891E+00  5.30445875E-02  6.63155711E-02  3.81864394E-03
  3.15406033E+00  3.14314597E+00  1.01459842E-01  8.65650160E-02  1.07025799E-02
  3.71714148E+00  3.69435529E+00  1.73969371E-01  1.08582576E-01  2.50858010E-02
  4.29148424E+00  4.24537708E+00  2.73609122E-01  1.31852681E-01  5.10992711E-02
  4.87731384E+00  4.78945574E+00  4.00154875E-01  1.55303800E-01  9.27933101E-02
  5.47486002E+00  5.31904990E+00  5.49470537E-01  1.77421774E-01  1.53152620E-01
  6.08435712E+00  5.82727148E+00  7.14297063E-01  1.96651175E-01  2.33509046E-01
  6.70604414E+00  6.30908826E+00  8.86175573E-01  2.11852191E-01  3.33617725E-01
  7.34016490E+00  6.76179316E+00  1.05741955E+00  2.22542395E-01  4.52193630E-01
  7.98696806E+00  7.18476757E+00  1.22226867E+00  2.28853258E-01  5.87514763E-01
  8.64670727E+00  7.57889199E+00  1.37711193E+00  2.31321591E-01  7.37844489E-01
  9.31964125E+00  7.94593515E+00  1.52014438E+00  2.30664226E-01  9.01637490E-01
  1.00060339E+01  8.28888510E+00  1.65098846E+00  2.27581237E-01  1.06744763E+00
  1.07061544E+01  8.61072311E+00  1.77030374E+00  2.22752107E-01  1.24303979E+00
  1.14202773E+01  8.91326456E+00  1.87859111E+00  2.16687403E-01  1.43031477E+00
  1.21486826E+01  9.19805917E+00  1.97648560E+00  2.09791038E-01  1.62936431E+00
  1.28916560E+01  9.46656586E+00  2.06474940E+00  2.02381001E-01  1.83992116E+00
  1.36494889E+01  9.72016036E+00  2.14420600E+00  1.94702436E-01  2.06164948E+00
  1.44224784E+01  9.96012455E+00  2.21568582E+00  1.86939993E-01  2.29421322E+00
  1.52109277E+01  1.01876401E+01  2.27999011E+00  1.79229395E-01  2.53728612E+00
  1.60151460E+01  1.04037872E+01  2.33786964E+00  1.71667708E-01  2.79056664E+00
  1.68354486E+01  1.06095464E+01  2.39001390E+00  1.64322094E-01  3.05383225E+00
  1.76721572E+01  1.08058028E+01  2.43704717E+00  1.57236968E-01  3.32689028E+00
  1.85256000E+01  1.09933535E+01  2.47952986E+00  1.50439719E-01  3.60959536E+00
  1.93961117E+01  1.11729147E+01  2.51796212E+00  1.43945196E-01  3.90185292E+00
  2.02840335E+01  1.13451294E+01  2.55278885E+00  1.37759160E-01  4.20360524E+00
  2.11897138E+01  1.15105756E+01  2.58440545E+00  1.31880870E-01  4.51477518E+00
  2.21135077E+01  1.16697772E+01  2.61316348E+00  1.26304920E-01  4.83510169E+00
  2.30557774E+01  1.18232189E+01  2.63937613E+00  1.21022337E-01  5.16371018E+00
  2.40168925E+01  1.19713747E+01  2.66332259E+00  1.16020781E-01  5.49806273E+00
  2.49972299E+01  1.21147619E+01  2.68525055E+00  1.11283402E-01  5.83151992E+00
  2.59971741E+01  1.22538607E+01  2.70537314E+00  1.06792679E-01  6.16815666E+00
  2.70171170E+01  1.23890091E+01  2.72385277E+00  1.02533506E-01  6.51244362E+00
  2.80574589E+01  1.25204686E+01  2.74082168E+00  9.84922009E-02  6.86439466E+00
  2.91186075E+01  1.26484774E+01  2.75639832E+00  9.46557332E-02  7.22403025E+00
  3.02009791E+01  1.27732534E+01  2.77068897E+00  9.10117649E-02  7.59137671E+00
  3.13049981E+01  1.28949959E+01  2.78378910E+00  8.75486600E-02  7.96646557E+00
  3.24310975E+01  1.30138878E+01  2.79578460E+00  8.42554801E-02  8.34933308E+00
  3.35797188E+01  1.31300970E+01  2.80675289E+00  8.11219674E-02  8.74001967E+00
  3.47513125E+01  1.32437784E+01  2.81676384E+00  7.81385196E-02  9.13856953E+00
  3.59463381E+01  1.33550747E+01  2.82588058E+00  7.52961600E-02  9.54503024E+00
  3.71652642E+01  1.34641178E+01  2.83416030E+00  7.25865048E-02  9.95945242E+00
  3.84085688E+01  1.35710297E+01  2.84165480E+00  7.00017289E-02  1.03818894E+01
  3.96767394E+01  1.36759237E+01  2.84841113E+00  6.75345315E-02  1.08123970E+01
  4.09702735E+01  1.37789049E+01  2.85447205E+00  6.51781022E-02  1.12510332E+01
  4.22896781E+01  1.38800711E+01  2.85987646E+00  6.29260883E-02  1.16978578E+01
  4.36354709E+01  1.39795133E+01  2.86465981E+00  6.07725633E-02  1.21529324E+01
  4.50081795E+01  1.40773163E+01  2.86885445E+00  5.87119970E-02  1.26163202E+01
  4.64083422E+01  1.41735596E+01  2.87248989E+00  5.67392273E-02  1.30880856E+01
  4.78365082E+01  1.42683173E+01  2.87559313E+00  5.48494339E-02  1.35682942E+01
  4.92932374E+01  1.43616589E+01  2.87818884E+00  5.30381135E-02  1.40570124E+01
  5.07791012E+01  1.44536494E+01  2.88029961E+00  5.13010570E-02  1.45543075E+01
  5.22946823E+01  1.45443500E+01  2.88194615E+00  4.96343278E-02  1.50602474E+01
  5.38405749E+01  1.46338180E+01  2.88314742E+00  4.80342425E-02  1.55749005E+01
  5.54173854E+01  1.47221075E+01  2.88392082E+00  4.64973520E-02  1.60983354E+01
  5.70257321E+01  1.48092692E+01  2.88428230E+00  4.50204250E-02  1.66306210E+01
  5.86662456E+01  1.48953513E+01  2.88424650E+00  4.36004321E-02  1.71718261E+01
  6.03395694E+01  1.49803988E+01  2.88382686E+00  4.22345313E-02  1.77220196E+01
  6.20463596E+01  1.50644544E+01  2.88303571E+00  4.09200550E-02  1.82812699E+01
  6.37872857E+01  1.51475586E+01  2.88188435E+00  3.96544970E-02  1.88496451E+01
  6.55630302E+01  1.52297494E+01  2.88038316E+00  3.84355018E-02  1.94272128E+01
  6.73742895E+01  1.53110629E+01  2.87854166E+00  3.72608539E-02  2.00140400E+01
  6.92217740E+01  1.53915336E+01  2.87636857E+00  3.61284678E-02  2.06101926E+01
  7.11062082E+01  1.54711937E+01  2.87387185E+00  3.50363793E-02  2.12157361E+01
  7.30283310E+01  1.55500740E+01  2.87105881E+00  3.39827374E-02  2.18307343E+01
  7.49888962E+01  1.56282039E+01  2.86793611E+00  3.29657963E-02  2.24552503E+01
  7.69886727E+01  1.57056110E+01  2.86450984E+00  3.19839087E-02  2.30893457E+01
  7.90284447E+01  1.57823218E+01  2.86078551E+00  3.10355188E-02  2.37330804E+01
  8.11090121E+01  1.58583613E+01  2.85676815E+00  3.01191568E-02  2.43865131E+01
  8.32311908E+01  1.59337534E+01  2.85246230E+00  2.92334330E-02  2.50497003E+01
  8.53958130E+01  1.60085210E+01  2.84787208E+00  2.83770327E-02  2.57226970E+01
  8.76037276E+01  1.60826855E+01  2.84300116E+00  2.75487114E-02  2.64055558E+01
  8.98558005E+01  1.61562676E+01  2.83785286E+00  2.67472901E-02  2.70983273E+01
  9.21529148E+01  1.62292871E+01  2.83243009E+00  2.59716519E-02  2.78010599E+01
  9.44959713E+01  1.63017626E+01  2.82673547E+00  2.52207373E-02  2.85137991E+01
  9.68858890E+01  1.63737120E+01  2.82077126E+00  2.44935411E-02  2.92365882E+01
  9.93236049E+01  1.64451523E+01  2.81453944E+00  2.37891091E-02  2.99694675E+01
  1.01810075E+02  1.65160999E+01  2.80804170E+00  2.31065351E-02  3.07124743E+01
  1.04346275E+02  1.65865701E+01  2.80127946E+00  2.24449576E-02  3.14656430E+01
  1.06933198E+02  1.66565779E+01  2.79425388E+00  2.18035575E-02  3.22290047E+01
  1.09571860E+02  1.67261374E+01  2.78696591E+00  2.11815558E-02  3.30025868E+01
  1.12263295E+02  1.67952619E+01  2.77941623E+00  2.05782109E-02  3.37864135E+01
  1.15008559E+02  1.68639644E+01  2.77160536E+00  1.99928164E-02  3.45805052E+01
  1.17808728E+02  1.69322571E+01  2.76353357E+00  1.94246995E-02  3.53848783E+01
  1.20664900E+02  1.70001517E+01  2.75520097E+00  1.88732190E-02  3.61995450E+01
  1.23578196E+02  1.70676594E+01  2.74660747E+00  1.83377631E-02  3.70245137E+01
  1.26549758E+02  1.71347907E+01  2.73775283E+00  1.78177484E-02  3.78597881E+01
  1.29580750E+02  1.72015557E+01  2.72863664E+00  1.73126180E-02  3.87053674E+01
  1.32672363E+02  1.72679640E+01  2.71925834E+00  1.68218402E-02  3.95612460E+01
  1.35825808E+02  1.73340248E+01  2.70961720E+00  1.63449069E-02  4.04274137E+01
  1.39042321E+02  1.73997467E+01  2.69971240E+00  1.58813326E-02  4.13038550E+01
  1.42323165E+02  1.74651380E+01  2.68954295E+00  1.54306535E-02  4.21905491E+01
  1.45669625E+02  1.75302064E+01  2.67910777E+00  1.49924255E-02  4.30874702E+01
  1.49083015E+02  1.75949593E+01  2.66840565E+00  1.45662241E-02  4.39945867E+01
  1.52564673E+02  1.76594035E+01  2.65743528E+00  1.41516430E-02  4.49118612E+01
  1.56115963E+02  1.77235458E+01  2.64619524E+00  1.37482932E-02  4.58392507E+01
  1.59738279E+02  1.77873921E+01  2.63468404E+00  1.33558020E-02  4.67767059E+01
  1.63433042E+02  1.78509484E+01  2.62290009E+00  1.29738127E-02  4.77241717E+01
  1.67201700E+02  1.79142198E+01  2.61084173E+00  1.26019832E-02  4.86815863E+01
  1.71045731E+02  1.79772114E+01  2.59850723E+00  1.22399858E-02  4.96488816E+01
  1.74966642E+02  1.80399279E+01  2.58589479E+00  1.18875063E-02  5.06259830E+01
  1.78965971E+02  1.81023735E+01  2.57300257E+00  1.15442433E-02  5.16128089E+01
  1.83045287E+02  1.81645520E+01  2.55982867E+00  1.12099078E-02  5.26092711E+01
  1.87206190E+02  1.82264669E+01  2.54637116E+00  1.08842224E-02  5.36152742E+01
  1.91450310E+02  1.82881215E+01  2.53262808E+00  1.05669212E-02  5.46307159E+01
  1.95779312E+02  1.83495185E+01  2.51859745E+00  1.02577488E-02  5.56554864E+01
  2.00194895E+02  1.84106603E+01  2.50427727E+00  9.95646017E-03  5.66894689E+01
  2.04698789E+02  1.84715489E+01  2.48966554E+00  9.66281994E-03  5.77325388E+01
  2.09292761E+02  1.85321862E+01  2.47476029E+00  9.37660232E-03  5.87845645E+01
  2.13978612E+02  1.85925732E+01  2.45955953E+00  9.09759046E-03  5.98454065E+01
  2.18758180E+02  1.86527111E+01  2.44406134E+00  8.82557617E-03  6.09149177E+01
  2.23633340E+02  1.87126003E+01  2.42826382E+00  8.56035954E-03  6.19929435E+01
  2.28606002E+02  1.87722410E+01  2.41216512E+00  8.30174866E-03  6.30793214E+01
  2.33678118E+02  1.88316331E+01  2.39576349E+00  8.04955926E-03  6.41738815E+01
  2.38851676E+02  1.88907759E+01  2.37905723E+00  7.80361444E-03  6.52764459E+01
  2.44128705E+02  1.89496683E+01  2.36204475E+00  7.56374441E-03  6.63868290E+01
  2.49511274E+02  1.90083090E+01  2.34472460E+00  7.32978621E-03  6.75048378E+01
  2.55001495E+02  1.90666961E+01  2.32709543E+00  7.10158347E-03  6.86302714E+01
  2.60601520E+02  1.91248273E+01  2.30915606E+00  6.87898618E-03  6.97629213E+01
  2.66313545E+02  1.91826998E+01  2.29090548E+00  6.66185048E-03  7.09025718E+01
  2.72139811E+02  1.92403106E+01  2.27234288E+00  6.45003842E-03  7.20489994E+01
  2.78082602E+02  1.92976558E+01  2.25346767E+00  6.24341783E-03  7.32019735E+01
  2.84144249E+02  1.93547314E+01  2.23427949E+00  6.04186206E-03  7.43612563E+01
  2.90327129E+02  1.94115328E+01  2.21477826E+00  5.84524986E-03  7.55266029E+01
  2.96633666E+02  1.94680547E+01  2.19496420E+00  5.65346519E-03  7.66977614E+01
  3.03066333E+02  1.95242916E+01  2.17483786E+00  5.46639706E-03  7.78744734E+01
  3.09627654E+02  1.95802370E+01  2.15440014E+00  5.28393939E-03  7.90564736E+01
  3.16320201E+02  1.96358844E+01  2.13365235E+00  5.10599086E-03  8.02434905E+01
  3.23146599E+02  1.96912261E+01  2.11259623E+00  4.93245478E-03  8.14352461E+01
  3.30109525E+02  1.97462543E+01  2.09123397E+00  4.76323895E-03  8.26314566E+01
  3.37211709E+02  1.98009603E+01  2.06956832E+00  4.59825553E-03  8.38318322E+01
  3.44455937E+02  1.98553348E+01  2.04760254E+00  4.43742094E-03  8.50360771E+01
  3.51845049E+02  1.99093679E+01  2.02534053E+00  4.28065570E-03  8.62438900E+01
  3.59381944E+02  1.99630487E+01  2.00278684E+00  4.12788435E-03  8.74549640E+01
  3.67069576E+02  2.00163660E+01  1.97994673E+00  3.97903531E-03  8.86689866E+01
  3.74910960E+02  2.00693074E+01  1.95682622E+00  3.83404079E-03  8.98856397E+01
  3.82909172E+02  2.01218602E+01  1.93343215E+00  3.69283665E-03  9.11045994E+01
  3.91067348E+02  2.01740103E+01  1.90977229E+00  3.55536231E-03  9.23255360E+01
  3.99388688E+02  2.02257432E+01  1.88585533E+00  3.42156061E-03  9.35481136E+01
  4.07876454E+02  2.02770432E+01  1.86169099E+00  3.29137771E-03  9.47719892E+01
  4.16533975E+02  2.03278940E+01  1.83729011E+00  3.16476298E-03  9.59968128E+01
  4.25364647E+02  2.03782779E+01  1.81266471E+00  3.04166884E-03  9.72222257E+01
  4.34371932E+02  2.04281766E+01  1.78782806E+00  2.92205068E-03  9.84478600E+01
  4.43559362E+02  2.04775706E+01  1.76279476E+00  2.80586669E-03  9.96733367E+01
  4.52930541E+02  2.05264391E+01  1.73758089E+00  2.69307777E-03  1.00898264E+02
  4.62489143E+02  2.05747606E+01  1.71220400E+00  2.58364732E-03  1.02122235E+02
  4.72238917E+02  2.06225121E+01  1.68668329E+00  2.47754117E-03  1.03344825E+02
  4.82183686E+02  2.06696693E+01  1.66103968E+00  2.37472737E-03  1.04565588E+02
  4.92327351E+02  2.07162071E+01  1.63529588E+00  2.27517609E-03  1.05784052E+02
  5.02673888E+02  2.07620985E+01  1.60947654E+00  2.17885938E-03  1.06999716E+02
  5.13227357E+02  2.08073156E+01  1.58360832E+00  2.08575110E-03  1.08212043E+02
  5.23991894E+02  2.08518288E+01  1.55772000E+00  1.99582666E-03  1.09420451E+02
  5.34971722E+02  2.08956071E+01  1.53184261E+00  1.90906291E-03  1.10624311E+02
  5.46171146E+02  2.09386180E+01  1.50600948E+00  1.82543795E-03  1.11822929E+02
  5.57594559E+02  2.09808273E+01  1.48025642E+00  1.74493098E-03  1.13015544E+02
  5.69246439E+02  2.10221993E+01  1.45462175E+00  1.66752209E-03  1.14201309E+02
  5.81131357E+02  2.10626964E+01  1.42914645E+00  1.59319218E-03  1.15379282E+02
  5.93253973E+02  2.11022793E+01  1.40387424E+00  1.52192276E-03  1.16548402E+02
  6.05619041E+02  2.11409069E+01  1.37885166E+00  1.45369588E-03  1.17707480E+02
  6.18231410E+02  2.11785360E+01  1.35412821E+00  1.38849401E-03  1.18855172E+02
  6.31096027E+02  2.12151213E+01  1.32975635E+00  1.32630002E-03  1.19989956E+02
  6.44217935E+02  2.12506157E+01  1.30579165E+00  1.26709712E-03  1.21110110E+02
  6.57602282E+02  2.12849695E+01  1.28229286E+00  1.21086894E-03  1.22213683E+02
  6.71254315E+02  2.13181307E+01  1.25932191E+00  1.15759963E-03  1.23298463E+02
  6.85179388E+02  2.13500449E+01  1.23694404E+00  1.10727401E-03  1.24361950E+02
  6.99382963E+02  2.13806551E+01  1.21522783E+00  1.05987789E-03  1.25401320E+02
  7.13870609E+02  2.14099011E+01  1.19424524E+00  1.01539841E-03  1.26413392E+02
  7.28648008E+02  2.14377200E+01  1.17407166E+00  9.73824546E-04  1.27394601E+02
  7.43720954E+02  2.14640454E+01  1.15478598E+00  9.35147784E-04  1.28340960E+02
  7.59095359E+02  2.14888074E+01  1.13647061E+00  8.99362895E-04  1.29248044E+02
  7.74777251E+02  2.15119320E+01  1.11921154E+00  8.66468947E-04  1.30110960E+02
  7.90772782E+02  2.15333410E+01  1.10309840E+00  8.36470514E-04  1.30924341E+02
  8.07088222E+02  2.15529513E+01  1.08822454E+00  8.09379133E-04  1.31682346E+02
  8.23729971E+02  2.15706745E+01  1.07468711E+00  7.85215031E-04  1.32378666E+02
  8.40704555E+02  2.15864162E+01  1.06258714E+00  7.64009172E-04  1.33006561E+02
  8.58018630E+02  2.16000753E+01  1.05202969E+00  7.45805661E-04  1.33558904E+02
  8.75678986E+02  2.16115430E+01  1.04312396E+00  7.30664548E-04  1.34028244E+02
  8.93692549E+02  2.16207021E+01  1.03598342E+00  7.18665101E-04  1.34406904E+02
  9.12066383E+02  2.16274256E+01  1.03072600E+00  7.09909600E-04  1.34687080E+02
  9.31033192E+02  2.16316091E+01  1.02744823E+00  7.04484841E-04  1.34862364E+02
  9.50000000E+02  2.16330024E+01  1.02635542E+00  7.02682006E-04  1.34920909E+02
  9.31033192E+02  2.16316091E+01  1.02744823E+00  7.04484841E-04  1.34862364E+02
  9.12066383E+02  2.16274256E+01  1.03072600E+00  7.09909600E-04  1.34687080E+02
  8.93692549E+02  2.16207021E+01  1.03598342E+00  7.18665101E-04  1.34406904E+02
  8.75678986E+02  2.16115430E+01  1.04312396E+00  7.30664548E-04  1.34028244E+02
  8.58018630E+02  2.16000753E+01  1.05202969E+00  7.45805661E-04  1.33558904E+02
  8.40704555E+02  2.15864162E+01  1.06258714E+00  7.64009172E-04  1.33006561E+02
  8.23729971E+02  2.15706745E+01  1.07468711E+00  7.85215031E-04  1.32378666E+02
  8.07088222E+02  2.15529513E+01  1.08822454E+00  8.09379133E-04  1.31682346E+02
  7.90772782E+02  2.15333410E+01  1.10309840E+00  8.36470514E-04  1.30924341E+02
  7.74777251E+02  2.15119320E+01  1.11921154E+00  8.66468947E-04  1.30110960E+02
  7.59095359E+02  2.14888074E+01  1.13647061E+00  8.99362895E-04  1.29248044E+02
  7.43720954E+02  2.14640454E+01  1.15478598E+00  9.35147784E-04  1.28340960E+02
  7.28648008E+02  2.14377200E+01  1.17407166E+00  9.73824546E-04  1.27394601E+02
  7.13870609E+02  2.14099011E+01  1.19424524E+00  1.01539841E-03  1.26413392E+02
  6.99382963E+02  2.13806551E+01  1.21522783E+00  1.05987789E-03  1.25401320E+02
  6.85179388E+02  2.13500449E+01  1.23694404E+00  1.10727401E-03  1.24361950E+02
  6.71254315E+02  2.13181307E+01  1.25932191E+00  1.15759963E-03  1.23298463E+02
  6.57602282E+02  2.12849695E+01  1.28229286E+00  1.21086894E-03  1.22213683E+02
  6.44217935E+02  2.12506157E+01  1.30579165E+00  1.26709712E-03  1.21110110E+02
  6.31096027E+02  2.12151213E+01  1.32975635E+00  1.32630002E-03  1.19989956E+02
  6.18231410E+02  2.11785360E+01  1.35412821E+00  1.38849401E-03  1.18855172E+02
  6.05619041E+02  2.11409069E+01  1.37885166E+00  1.45369588E-03  1.17707480E+02
  5.93253973E+02  2.11022793E+01  1.40387424E+00  1.52192276E-03  1.16548402E+02
  5.81131357E+02  2.10626964E+01  1.42914645E+00  1.59319218E-03  1.15379282E+02
  5.69246439E+02  2.10221993E+01  1.45462175E+00  1.66752209E-03  1.14201309E+02
  5.57594559E+02  2.09808273E+01  1.48025642E+00  1.74493098E-03  1.13015544E+02
  5.46171146E+02  2.09386180E+01  1.50600948E+00  1.82543795E-03  1.11822929E+02
  5.34971722E+02  2.08956071E+01  1.53184261E+00  1.90906291E-03  1.10624311E+02
  5.23991894E+02  2.08518288E+01  1.55772000E+00  1.99582666E-03  1.09420451E+02
  5.13227357E+02  2.08073156E+01  1.58360832E+00  2.08575110E-03  1.08212043E+02
  5.02673888E+02  2.07620985E+01  1.60947654E+00  2.17885938E-03  1.06999716E+02
  4.92327351E+02  2.07162071E+01  1.63529588E+00  2.27517609E-03  1.05784052E+02
  4.82183686E+02  2.06696693E+01  1.66103968E+00  2.37472737E-03  1.04565588E+02
  4.72238917E+02  2.06225121E+01  1.68668329E+00  2.47754117E-03  1.03344825E+02
  4.62489143E+02  2.05747606E+01  1.71220400E+00  2.58364732E-03  1.02122235E+02
  4.52930541E+02  2.05264391E+01  1.73758089E+00  2.69307777E-03  1.00898264E+02
  4.43559362E+02  2.04775706E+01  1.76279476E+00  2.80586669E-03  9.96733367E+01
  4.34371932E+02  2.04281766E+01  1.78782806E+00  2.92205068E-03  9.84478600E+01
  4.25364647E+02  2.03782779E+01  1.81266471E+00  3.04166884E-03  9.72222257E+01
  4.16533975E+02  2.03278940E+01  1.83729011E+00  3.16476298E-03  9.59968128E+01
  4.07876454E+02  2.02770432E+01  1.86169099E+00  3.29137771E-03  9.47719892E+01
  3.99388688E+02  2.02257432E+01  1.88585533E+00  3.42156061E-03  9.35481136E+01
  3.91067348E+02  2.01740103E+01  1.90977229E+00  3.55536231E-03  9.23255360E+01
  3.82909172E+02  2.01218602E+01  1.93343215E+00  3.69283665E-03  9.11045994E+01
  3.74910960E+02  2.00693074E+01  1.95682622E+00  3.83404079E-03  8.98856397E+01
  3.67069576E+02  2.00163660E+01  1.97994673E+00  3.97903531E-03  8.86689866E+01
  3.59381944E+02  1.99630487E+01  2.00278684E+00  4.12788435E-03  8.74549640E+01
  3.51845049E+02  1.99093679E+01  2.02534053E+00  4.28065570E-03  8.62438900E+01
  3.44455937E+02  1.98553348E+01  2.04760254E+00  4.43742094E-03  8.50360771E+01
  3.37211709E+02  1.98009603E+01  2.06956832E+00  4.59825553E-03  8.38318322E+01
  3.30109525E+02  1.97462543E+01  2.09123397E+00  4.76323895E-03  8.26314566E+01
  3.23146599E+02  1.96912261E+01  2.11259623E+00  4.93245478E-03  8.14352461E+01
  3.16320201E+02  1.96358844E+01  2.13365235E+00  5.10599086E-03  8.02434905E+01
  3.09627654E+02  1.95802370E+01  2.15440014E+00  5.28393939E-03  7.90564736E+01
  3.03066333E+02  1.95242916E+01  2.17483786E+00  5.46639706E-03  7.78744734E+01
  2.96633666E+02  1.94680547E+01  2.19496420E+00  5.65346519E-03  7.66977614E+01
  2.90327129E+02  1.94115328E+01  2.21477826E+00  5.84524986E-03  7.55266029E+01
  2.84144249E+02  1.93547314E+01  2.23427949E+00  6.04186206E-03  7.43612563E+01
  2.78082602E+02  1.92976558E+01  2.25346767E+00  6.24341783E-03  7.32019735E+01
  2.72139811E+02  1.92403106E+01  2.27234288E+00  6.45003842E-03  7.20489994E+01
  2.66313545E+02  1.91826998E+01  2.29090548E+00  6.66185048E-03  7.09025718E+01
  2.60601520E+02  1.91248273E+01  2.30915606E+00  6.87898618E-03  6.97629213E+01
  2.55001495E+02  1.90666961E+01  2.32709543E+00  7.10158347E-03  6.86302714E+01
  2.49511274E+02  1.90083090E+01  2.34472460E+00  7.32978621E-03  6.75048378E+01
  2.44128705E+02  1.89496683E+01  2.36204475E+00  7.56374441E-03  6.63868290E+01
  2.38851676E+02  1.88907759E+01  2.37905723E+00  7.80361444E-03  6.52764459E+01
  2.33678118E+02  1.88316331E+01  2.39576349E+00  8.04955926E-03  6.41738815E+01
  2.28606002E+02  1.87722410E+01  2.41216512E+00  8.30174866E-03  6.30793214E+01
  2.23633340E+02  1.87126003E+01  2.42826382E+00  8.56035954E-03  6.19929435E+01
  2.18758180E+02  1.86527111E+01  2.44406134E+00  8.82557617E-03  6.09149177E+01
  2.13978612E+02  1.85925732E+01  2.45955953E+00  9.09759046E-03  5.98454065E+01
  2.09292761E+02  1.85321862E+01  2.47476029E+00  9.37660232E-03  5.87845645E+01
  2.04698789E+02  1.84715489E+01  2.48966554E+00  9.66281994E-03  5.77325388E+01
  2.00194895E+02  1.84106603E+01  2.50427727E+00  9.95646017E-03  5.66894689E+01
  1.95779312E+02  1.83495185E+01  2.51859745E+00  1.02577488E-02  5.56554864E+01
  1.91450310E+02  1.82881215E+01  2.53262808E+00  1.05669212E-02  5.46307159E+01
  1.87206190E+02  1.82264669E+01  2.54637116E+00  1.08842224E-02  5.36152742E+01
  1.83045287E+02  1.81645520E+01  2.55982867E+00  1.12099078E-02  5.26092711E+01
  1.78965971E+02  1.81023735E+01  2.57300257E+00  1.15442433E-02  5.16128089E+01
  1.74966642E+02  1.80399279E+01  2.58589479E+00  1.18875063E-02  5.06259830E+01
  1.71045731E+02  1.79772114E+01  2.59850723E+00  1.22399858E-02  4.96488816E+01
  1.67201700E+02  1.79142198E+01  2.61084173E+00  1.26019832E-02  4.86815863E+01
  1.63433042E+02  1.78509484E+01  2.62290009E+00  1.29738127E-02  4.77241717E+01
  1.59738279E+02  1.77873921E+01  2.63468404E+00  1.33558020E-02  4.67767059E+01
  1.56115963E+02  1.77235458E+01  2.64619524E+00  1.37482932E-02  4.58392507E+01
  1.52564673E+02  1.76594035E+01  2.65743528E+00  1.41516430E-02  4.49118612E+01
  1.49083015E+02  1.75949593E+01  2.66840565E+00  1.45662241E-02  4.39945867E+01
  1.45669625E+02  1.75302064E+01  2.67910777E+00  1.49924255E-02  4.30874702E+01
  1.42323165E+02  1.74651380E+01  2.68954295E+00  1.54306535E-02  4.21905491E+01
  1.39042321E+02  1.73997467E+01  2.69971240E+00  1.58813326E-02  4.13038550E+01
  1.35825808E+02  1.73340248E+01  2.70961720E+00  1.63449069E-02  4.04274137E+01
  1.32672363E+02  1.72679640E+01  2.71925834E+00  1.68218402E-02  3.95612460E+01
  1.29580750E+02  1.72015557E+01  2.72863664E+00  1.73126180E-02  3.87053674E+01
  1.26549758E+02  1.71347907E+01  2.73775283E+00  1.78177484E-02  3.78597881E+01
  1.23578196E+02  1.70676594E+01  2.74660747E+00  1.83377631E-02  3.70245137E+01
  1.20664900E+02  1.70001517E+01  2.75520097E+00  1.88732190E-02  3.61995450E+01
  1.17808728E+02  1.69322571E+01  2.76353357E+00  1.94246995E-02  3.53848783E+01
  1.15008559E+02  1.68639644E+01  2.77160536E+00  1.99928164E-02  3.45805052E+01
  1.12263295E+02  1.67952619E+01  2.77941623E+00  2.05782109E-02  3.37864135E+01
  1.09571860E+02  1.67261374E+01  2.78696591E+00  2.11815558E-02  3.30025868E+01
  1.06933198E+02  1.66565779E+01  2.79425388E+00  2.18035575E-02  3.22290047E+01
  1.04346275E+02  1.65865701E+01  2.80127946E+00  2.24449576E-02  3.14656430E+01
  1.01810075E+02  1.65160999E+01  2.80804170E+00  2.31065351E-02  3.07124743E+01
  9.93236049E+01  1.64451523E+01  2.81453944E+00  2.37891091E-02  2.99694675E+01
  9.68858890E+01  1.63737120E+01  2.82077126E+00  2.44935411E-02  2.92365882E+01
  9.44959713E+01  1.63017626E+01  2.82673547E+00  2.52207373E-02  2.85137991E+01
  9.21529148E+01  1.62292871E+01  2.83243009E+00  2.59716519E-02  2.78010599E+01
  8.98558005E+01  1.61562676E+01  2.83785286E+00  2.67472901E-02  2.70983273E+01
  8.76037276E+01  1.60826855E+01  2.84300116E+00  2.75487114E-02  2.64055558E+01
  8.53958130E+01  1.60085210E+01  2.84787208E+00  2.83770327E-02  2.57226970E+01
  8.32311908E+01  1.59337534E+01  2.85246230E+00  2.92334330E-02  2.50497003E+01
  8.11090121E+01  1.58583613E+01  2.85676815E+00  3.01191568E-02  2.43865131E+01
  7.90284447E+01  1.57823218E+01  2.86078551E+00  3.10355188E-02  2.37330804E+01
  7.69886727E+01  1.57056110E+01  2.86450984E+00  3.19839087E-02  2.30893457E+01
  7.49888962E+01  1.56282039E+01  2.86793611E+00  3.29657963E-02  2.24552503E+01
  7.30283310E+01  1.55500740E+01  2.87105881E+00  3.39827374E-02  2.18307343E+01
  7.11062082E+01  1.54711937E+01  2.87387185E+00  3.50363793E-02  2.12157361E+01
  6.92217740E+01  1.53915336E+01  2.87636857E+00  3.61284678E-02  2.06101926E+01
  6.73742895E+01  1.53110629E+01  2.87854166E+00  3.72608539E-02  2.00140400E+01
  6.55630302E+01  1.52297494E+01  2.88038316E+00  3.84355018E-02  1.94272128E+01
  6.37872857E+01  1.51475586E+01  2.88188435E+00  3.96544970E-02  1.88496451E+01
  6.20463596E+01  1.50644544E+01  2.88303571E+00  4.09200550E-02  1.82812699E+01
  6.03395694E+01  1.49803988E+01  2.88382686E+00  4.22345313E-02  1.77220196E+01
  5.86662456E+01  1.48953513E+01  2.88424650E+00  4.36004321E-02  1.71718261E+01
  5.70257321E+01  1.48092692E+01  2.88428230E+00  4.50204250E-02  1.66306210E+01
  5.54173854E+01  1.47221075E+01  2.88392082E+00  4.64973520E-02  1.60983354E+01
  5.38405749E+01  1.46338180E+01  2.88314742E+00  4.80342425E-02  1.55749005E+01
  5.22946823E+01  1.45443500E+01  2.88194615E+00  4.96343278E-02  1.50602474E+01
  5.07791012E+01  1.44536494E+01  2.88029961E+00  5.13010570E-02  1.45543075E+01
  4.92932374E+01  1.43616589E+01  2.87818884E+00  5.30381135E-02  1.40570124E+01
  4.78365082E+01  1.42683173E+01  2.87559313E+00  5.48494339E-02  1.35682942E+01
  4.64083422E+01  1.41735596E+01  2.87248989E+00  5.67392273E-02  1.30880856E+01
  4.50081795E+01  1.40773163E+01  2.86885445E+00  5.87119970E-02  1.26163202E+01
  4.36354709E+01  1.39795133E+01  2.86465981E+00  6.07725633E-02  1.21529324E+01
  4.22896781E+01  1.38800711E+01  2.85987646E+00  6.29260883E-02  1.16978578E+01
  4.09702735E+01  1.37789049E+01  2.85447205E+00  6.51781022E-02  1.12510332E+01
  3.96767394E+01  1.36759237E+01  2.84841113E+00  6.75345315E-02  1.08123970E+01
  3.84085688E+01  1.35710297E+01  2.84165480E+00  7.00017289E-02  1.03818894E+01
  3.71652642E+01  1.34641178E+01  2.83416030E+00  7.25865048E-02  9.95945242E+00
  3.59463381E+01  1.33550747E+01  2.82588058E+00  7.52961600E-02  9.54503024E+00
  3.47513125E+01  1.32437784E+01  2.81676384E+00  7.81385196E-02  9.13856953E+00
  3.35797188E+01  1.31300970E+01  2.80675289E+00  8.11219674E-02  8.74001967E+00
  3.24310975E+01  1.30138878E+01  2.79578460E+00  8.42554801E-02  8.34933308E+00
  3.13049981E+01  1.28949959E+01  2.78378910E+00  8.75486600E-02  7.96646557E+00
  3.02009791E+01  1.27732534E+01  2.77068897E+00  9.10117649E-02  7.59137671E+00
  2.91186075E+01  1.26484774E+01  2.75639832E+00  9.46557332E-02  7.22403025E+00
  2.80574589E+01  1.25204686E+01  2.74082168E+00  9.84922009E-02  6.86439466E+00
  2.70171170E+01  1.23890091E+01  2.72385277E+00  1.02533506E-01  6.51244362E+00
  2.59971741E+01  1.22538607E+01  2.70537314E+00  1.06792679E-01  6.16815666E+00
  2.49972299E+01  1.21147619E+01  2.68525055E+00  1.11283402E-01  5.83151992E+00
  2.40168925E+01  1.19713747E+01  2.66332259E+00  1.16020781E-01  5.49806273E+00
  2.30557774E+01  1.18232189E+01  2.63937613E+00  1.21022337E-01  5.16371018E+00
  2.21135077E+01  1.16697772E+01  2.61316348E+00  1.26304920E-01  4.83510169E+00
  2.11897138E+01  1.15105756E+01  2.58440545E+00  1.31880870E-01  4.51477518E+00
  2.02840335E+01  1.13451294E+01  2.55278885E+00  1.37759160E-01  4.20360524E+00
  1.93961117E+01  1.11729147E+01  2.51796212E+00  1.43945196E-01  3.90185292E+00
  1.85256000E+01  1.09933535E+01  2.47952986E+00  1.50439719E-01  3.60959536E+00
  1.76721572E+01  1.08058028E+01  2.43704717E+00  1.57236968E-01  3.32689028E+00
  1.68354486E+01  1.06095464E+01  2.39001390E+00  1.64322094E-01  3.05383225E+00
  1.60151460E+01  1.04037872E+01  2.33786964E+00  1.71667708E-01  2.79056664E+00
  1.52109277E+01  1.01876401E+01  2.27999011E+00  1.79229395E-01  2.53728612E+00
  1.44224784E+01  9.96012455E+00  2.21568582E+00  1.86939993E-01  2.29421322E+00
  1.36494889E+01  9.72016036E+00  2.14420600E+00  1.94702436E-01  2.06164948E+00
  1.28916560E+01  9.46656586E+00  2.06474940E+00  2.02381001E-01  1.83992116E+00
  1.21486826E+01  9.19805917E+00  1.97648560E+00  2.09791038E-01  1.62936431E+00
  1.14202773E+01  8.91326456E+00  1.87859111E+00  2.16687403E-01  1.43031477E+00
  1.07061544E+01  8.61072311E+00  1.77030374E+00  2.22752107E-01  1.24303979E+00
  1.00060339E+01  8.28888510E+00  1.65098846E+00  2.27581237E-01  1.06744763E+00
  9.31964125E+00  7.94593515E+00  1.52014438E+00  2.30664226E-01  9.01637490E-01
  8.64670727E+00  7.57889199E+00  1.37711193E+00  2.31321591E-01  7.37844489E-01
  7.98696806E+00  7.18476757E+00  1.22226867E+00  2.28853258E-01  5.87514763E-01
  7.34016490E+00  6.76179316E+00  1.05741955E+00  2.22542395E-01  4.52193630E-01
  6.70604414E+00  6.30908826E+00  8.86175573E-01  2.11852191E-01  3.33617725E-01
  6.08435712E+00  5.82727148E+00  7.14297063E-01  1.96651175E-01  2.33509046E-01
  5.47486002E+00  5.31904990E+00  5.49470537E-01  1.77421774E-01  1.53152620E-01
  4.87731384E+00  4.78945574E+00  4.00154875E-01  1.55303800E-01  9.27933101E-02
  4.29148424E+00  4.24537708E+00  2.73609122E-01  1.31852681E-01  5.10992711E-02
  3.71714148E+00  3.69435529E+00  1.73969371E-01  1.08582576E-01  2.50858010E-02
  3.15406033E+00  3.14314597E+00  1.01459842E-01  8.65650160E-02  1.07025799E-02
  2.60201998E+00  2.59673891E+00  5.30445875E-02  6.63155711E-02  3.81864393E-03
  2.06080394E+00  2.05816594E+00  2.38530770E-02  4.79612953E-02  1.06767837E-03
  1.53019997E+00  1.52890214E+00  8.51959317E-03  3.15279010E-02  2.07197820E-04
  1.00999999E+00  1.00945713E+00  2.03986811E-03  1.72639493E-02  2.16923474E-05
  5.00000000E-01  4.99868204E-01  2.16166589E-04  6.22559777E-03  6.75520618E-07
  0.00000000E+00  0.00000000E+00  0.00000000E+00  0.00000000E+00  0.00000000E+00
